[
  [
    543900, 0, 0, 0, 0, 0, 0,
         0, 0, 0, 0, 0, 0, 0,
         0, 0, 0, 0, 0, 0, 0,
         0, 0, 0, 0, 0, 0, 0,
         0, 0, 0, 0, 0, 0, 0,
         0, 0, 0, 0, 0, 0, 0,
         0, 0, 0, 0, 0, 0, 0
  ],
  [
    0, 255400, 0, 0, 0, 0, 0,
    0,      0, 0, 0, 0, 0, 0,
    0,      0, 0, 0, 0, 0, 0,
    0,      0, 0, 0, 0, 0, 0,
    0,      0, 0, 0, 0, 0, 0,
    0,      0, 0, 0, 0, 0, 0,
    0,      0, 0, 0, 0, 0, 0
  ],
  [
    0, 0, 1287800, 0, 0, 0,
    0, 0,       0, 0, 0, 0,
    0, 0,       0, 0, 0, 0,
    0, 0,       0, 0, 0, 0,
    0, 0,       0, 0, 0, 0,
    0, 0,       0, 0, 0, 0,
    0, 0,       0, 0, 0, 0,
    0, 0,       0, 0, 0, 0,
    0
  ],
  [
    0, 0, 0, 3630, 0, 0, 0, 0, 0, 0,
    0, 0, 0,    0, 0, 0, 0, 0, 0, 0,
    0, 0, 0,    0, 0, 0, 0, 0, 0, 0,
    0, 0, 0,    0, 0, 0, 0, 0, 0, 0,
    0, 0, 0,    0, 0, 0, 0, 0, 0
  ],
  [
    0, 0, 0, 0, 78, 0, 0, 0, 0, 0, 0,
    0, 0, 0, 0,  0, 0, 0, 0, 0, 0, 0,
    0, 0, 0, 0,  0, 0, 0, 0, 0, 0, 0,
    0, 0, 0, 0,  0, 0, 0, 0, 0, 0, 0,
    0, 0, 0, 0,  0
  ],
  [
    0, 0, 0, 0, 0, 1760, 0, 0, 0, 0,
    0, 0, 0, 0, 0,    0, 0, 0, 0, 0,
    0, 0, 0, 0, 0,    0, 0, 0, 0, 0,
    0, 0, 0, 0, 0,    0, 0, 0, 0, 0,
    0, 0, 0, 0, 0,    0, 0, 0, 0
  ],
  [
    0, 0, 0, 0, 0, 0, 6460, 0, 0, 0,
    0, 0, 0, 0, 0, 0,    0, 0, 0, 0,
    0, 0, 0, 0, 0, 0,    0, 0, 0, 0,
    0, 0, 0, 0, 0, 0,    0, 0, 0, 0,
    0, 0, 0, 0, 0, 0,    0, 0, 0
  ],
  [
    0, 0, 0, 0, 0, 0, 0, 19090,
    0, 0, 0, 0, 0, 0, 0,     0,
    0, 0, 0, 0, 0, 0, 0,     0,
    0, 0, 0, 0, 0, 0, 0,     0,
    0, 0, 0, 0, 0, 0, 0,     0,
    0, 0, 0, 0, 0, 0, 0,     0,
    0
  ],
  [
    0, 0, 0, 0, 0, 0, 0, 0, 7530, 0,
    0, 0, 0, 0, 0, 0, 0, 0,    0, 0,
    0, 0, 0, 0, 0, 0, 0, 0,    0, 0,
    0, 0, 0, 0, 0, 0, 0, 0,    0, 0,
    0, 0, 0, 0, 0, 0, 0, 0,    0
  ],
  [
    0, 0, 0, 0, 0, 0, 0, 0, 0, 105, 0,
    0, 0, 0, 0, 0, 0, 0, 0, 0,   0, 0,
    0, 0, 0, 0, 0, 0, 0, 0, 0,   0, 0,
    0, 0, 0, 0, 0, 0, 0, 0, 0,   0, 0,
    0, 0, 0, 0, 0
  ],
  [
    0, 0, 0, 0, 0, 0, 0, 0, 0, 0, 6,
    0, 0, 0, 0, 0, 0, 0, 0, 0, 0, 0,
    0, 0, 0, 0, 0, 0, 0, 0, 0, 0, 0,
    0, 0, 0, 0, 0, 0, 0, 0, 0, 0, 0,
    0, 0, 0, 0, 0
  ],
  [
     0, 0, 0, 0, 0, 0, 0, 0, 0, 0, 0,
    10, 0, 0, 0, 0, 0, 0, 0, 0, 0, 0,
     0, 0, 0, 0, 0, 0, 0, 0, 0, 0, 0,
     0, 0, 0, 0, 0, 0, 0, 0, 0, 0, 0,
     0, 0, 0, 0, 0
  ],
  [
    0, 0, 0, 0,     0, 0, 0, 0,
    0, 0, 0, 0, 0.373, 0, 0, 0,
    0, 0, 0, 0,     0, 0, 0, 0,
    0, 0, 0, 0,     0, 0, 0, 0,
    0, 0, 0, 0,     0, 0, 0, 0,
    0, 0, 0, 0,     0, 0, 0, 0,
    0
  ],
  [
    0,                   0, 0,
    0,                   0, 0,
    0,                   0, 0,
    0,                   0, 0,
    0, 0.05500000000000001, 0,
    0,                   0, 0,
    0,                   0, 0,
    0,                   0, 0,
    0,                   0, 0,
    0,                   0, 0,
    0,                   0, 0,
    0,                   0, 0,
    0,                   0, 0,
    0,                   0, 0,
    0,                   0, 0,
    0,                   0, 0,
    0
  ],
  [
    0, 0, 0, 0,    0, 0, 0, 0, 0, 0,
    0, 0, 0, 0, 0.51, 0, 0, 0, 0, 0,
    0, 0, 0, 0,    0, 0, 0, 0, 0, 0,
    0, 0, 0, 0,    0, 0, 0, 0, 0, 0,
    0, 0, 0, 0,    0, 0, 0, 0, 0
  ],
  [
                     0, 0, 0,
                     0, 0, 0,
                     0, 0, 0,
                     0, 0, 0,
                     0, 0, 0,
    0.9000000000000001, 0, 0,
                     0, 0, 0,
                     0, 0, 0,
                     0, 0, 0,
                     0, 0, 0,
                     0, 0, 0,
                     0, 0, 0,
                     0, 0, 0,
                     0, 0, 0,
                     0, 0, 0,
                     0, 0, 0,
                     0
  ],
  [
    0, 0, 0, 0, 0, 0,    0, 0, 0, 0,
    0, 0, 0, 0, 0, 0, 0.32, 0, 0, 0,
    0, 0, 0, 0, 0, 0,    0, 0, 0, 0,
    0, 0, 0, 0, 0, 0,    0, 0, 0, 0,
    0, 0, 0, 0, 0, 0,    0, 0, 0
  ],
  [
    0, 0, 0, 0, 0, 0, 0,    0, 0, 0,
    0, 0, 0, 0, 0, 0, 0, 0.32, 0, 0,
    0, 0, 0, 0, 0, 0, 0,    0, 0, 0,
    0, 0, 0, 0, 0, 0, 0,    0, 0, 0,
    0, 0, 0, 0, 0, 0, 0,    0, 0
  ],
  [
    0, 0, 0, 0, 0, 0, 0,   0, 0, 0, 0,
    0, 0, 0, 0, 0, 0, 0, 0.1, 0, 0, 0,
    0, 0, 0, 0, 0, 0, 0,   0, 0, 0, 0,
    0, 0, 0, 0, 0, 0, 0,   0, 0, 0, 0,
    0, 0, 0, 0, 0
  ],
  [
    0, 0, 0,     0, 0, 0, 0, 0,
    0, 0, 0,     0, 0, 0, 0, 0,
    0, 0, 0, 0.001, 0, 0, 0, 0,
    0, 0, 0,     0, 0, 0, 0, 0,
    0, 0, 0,     0, 0, 0, 0, 0,
    0, 0, 0,     0, 0, 0, 0, 0,
    0
  ],
  [
    0, 0, 0, 0, 0, 0, 0, 0, 0, 0, 0,
    0, 0, 0, 0, 0, 0, 0, 0, 0, 8, 0,
    0, 0, 0, 0, 0, 0, 0, 0, 0, 0, 0,
    0, 0, 0, 0, 0, 0, 0, 0, 0, 0, 0,
    0, 0, 0, 0, 0
  ],
  [
    0, 0, 0, 0, 0,     0, 0, 0,
    0, 0, 0, 0, 0,     0, 0, 0,
    0, 0, 0, 0, 0, 0.084, 0, 0,
    0, 0, 0, 0, 0,     0, 0, 0,
    0, 0, 0, 0, 0,     0, 0, 0,
    0, 0, 0, 0, 0,     0, 0, 0,
    0
  ],
  [
    0, 0,    0, 0, 0, 0, 0, 0, 0, 0,
    0, 0,    0, 0, 0, 0, 0, 0, 0, 0,
    0, 0, 1258, 0, 0, 0, 0, 0, 0, 0,
    0, 0,    0, 0, 0, 0, 0, 0, 0, 0,
    0, 0,    0, 0, 0, 0, 0, 0, 0
  ],
  [
    0, 0, 0, 0, 0, 0, 0, 0, 0, 0, 0,
    0, 0, 0, 0, 0, 0, 0, 0, 0, 0, 0,
    0, 5, 0, 0, 0, 0, 0, 0, 0, 0, 0,
    0, 0, 0, 0, 0, 0, 0, 0, 0, 0, 0,
    0, 0, 0, 0, 0
  ],
  [
    0, 0, 0, 0, 0, 0, 0, 0, 0, 0, 0,
    0, 0, 0, 0, 0, 0, 0, 0, 0, 0, 0,
    0, 0, 9, 0, 0, 0, 0, 0, 0, 0, 0,
    0, 0, 0, 0, 0, 0, 0, 0, 0, 0, 0,
    0, 0, 0, 0, 0
  ],
  [
    0, 0, 0,   0, 0, 0, 0, 0, 0, 0, 0,
    0, 0, 0,   0, 0, 0, 0, 0, 0, 0, 0,
    0, 0, 0, 134, 0, 0, 0, 0, 0, 0, 0,
    0, 0, 0,   0, 0, 0, 0, 0, 0, 0, 0,
    0, 0, 0,   0, 0
  ],
  [
    0, 0, 0, 0, 0, 0,    0, 0, 0, 0,
    0, 0, 0, 0, 0, 0,    0, 0, 0, 0,
    0, 0, 0, 0, 0, 0, 1438, 0, 0, 0,
    0, 0, 0, 0, 0, 0,    0, 0, 0, 0,
    0, 0, 0, 0, 0, 0,    0, 0, 0
  ],
  [
    0, 0, 0, 0, 0,  0, 0, 0, 0, 0, 0,
    0, 0, 0, 0, 0,  0, 0, 0, 0, 0, 0,
    0, 0, 0, 0, 0, 25, 0, 0, 0, 0, 0,
    0, 0, 0, 0, 0,  0, 0, 0, 0, 0, 0,
    0, 0, 0, 0, 0
  ],
  [
    0, 0, 0, 0, 0, 0,  0, 0, 0, 0, 0,
    0, 0, 0, 0, 0, 0,  0, 0, 0, 0, 0,
    0, 0, 0, 0, 0, 0, 15, 0, 0, 0, 0,
    0, 0, 0, 0, 0, 0,  0, 0, 0, 0, 0,
    0, 0, 0, 0, 0
  ],
  [
    0, 0, 0, 0, 0, 0, 0, 0, 0,    0,
    0, 0, 0, 0, 0, 0, 0, 0, 0,    0,
    0, 0, 0, 0, 0, 0, 0, 0, 0, 1.58,
    0, 0, 0, 0, 0, 0, 0, 0, 0,    0,
    0, 0, 0, 0, 0, 0, 0, 0, 0
  ],
  [
                       0, 0, 0,
                       0, 0, 0,
                       0, 0, 0,
                       0, 0, 0,
                       0, 0, 0,
                       0, 0, 0,
                       0, 0, 0,
                       0, 0, 0,
                       0, 0, 0,
                       0, 0, 0,
    0.041999999999999996, 0, 0,
                       0, 0, 0,
                       0, 0, 0,
                       0, 0, 0,
                       0, 0, 0,
                       0, 0, 0,
                       0
  ],
  [
    0,    0, 0, 0, 0, 0, 0, 0, 0, 0,
    0,    0, 0, 0, 0, 0, 0, 0, 0, 0,
    0,    0, 0, 0, 0, 0, 0, 0, 0, 0,
    0, 4590, 0, 0, 0, 0, 0, 0, 0, 0,
    0,    0, 0, 0, 0, 0, 0, 0, 0
  ],
  [
        0, 0, 0, 0, 0, 0, 0, 0,
        0, 0, 0, 0, 0, 0, 0, 0,
        0, 0, 0, 0, 0, 0, 0, 0,
        0, 0, 0, 0, 0, 0, 0, 0,
    18060, 0, 0, 0, 0, 0, 0, 0,
        0, 0, 0, 0, 0, 0, 0, 0,
        0
  ],
  [
    0,     0, 0, 0, 0, 0, 0, 0,
    0,     0, 0, 0, 0, 0, 0, 0,
    0,     0, 0, 0, 0, 0, 0, 0,
    0,     0, 0, 0, 0, 0, 0, 0,
    0, 18850, 0, 0, 0, 0, 0, 0,
    0,     0, 0, 0, 0, 0, 0, 0,
    0
  ],
  [
    0, 0,     0, 0, 0, 0, 0, 0,
    0, 0,     0, 0, 0, 0, 0, 0,
    0, 0,     0, 0, 0, 0, 0, 0,
    0, 0,     0, 0, 0, 0, 0, 0,
    0, 0, 33820, 0, 0, 0, 0, 0,
    0, 0,     0, 0, 0, 0, 0, 0,
    0
  ],
  [
    0, 0, 0,     0, 0, 0, 0, 0,
    0, 0, 0,     0, 0, 0, 0, 0,
    0, 0, 0,     0, 0, 0, 0, 0,
    0, 0, 0,     0, 0, 0, 0, 0,
    0, 0, 0, 35180, 0, 0, 0, 0,
    0, 0, 0,     0, 0, 0, 0, 0,
    0
  ],
  [
    0, 0, 0, 0,     0, 0, 0, 0,
    0, 0, 0, 0,     0, 0, 0, 0,
    0, 0, 0, 0,     0, 0, 0, 0,
    0, 0, 0, 0,     0, 0, 0, 0,
    0, 0, 0, 0, 10220, 0, 0, 0,
    0, 0, 0, 0,     0, 0, 0, 0,
    0
  ],
  [
    0, 0, 0, 0, 0, 0, 0,    0, 0, 0,
    0, 0, 0, 0, 0, 0, 0,    0, 0, 0,
    0, 0, 0, 0, 0, 0, 0,    0, 0, 0,
    0, 0, 0, 0, 0, 0, 0, 4670, 0, 0,
    0, 0, 0, 0, 0, 0, 0,    0, 0
  ],
  [
    0, 0, 0, 0, 0, 0,     0, 0,
    0, 0, 0, 0, 0, 0,     0, 0,
    0, 0, 0, 0, 0, 0,     0, 0,
    0, 0, 0, 0, 0, 0,     0, 0,
    0, 0, 0, 0, 0, 0, 16840, 0,
    0, 0, 0, 0, 0, 0,     0, 0,
    0
  ],
  [
    0, 0, 0, 0, 0, 0, 0,     0,
    0, 0, 0, 0, 0, 0, 0,     0,
    0, 0, 0, 0, 0, 0, 0,     0,
    0, 0, 0, 0, 0, 0, 0,     0,
    0, 0, 0, 0, 0, 0, 0, 14260,
    0, 0, 0, 0, 0, 0, 0,     0,
    0
  ],
  [
        0, 0, 0, 0, 0, 0, 0, 0,
        0, 0, 0, 0, 0, 0, 0, 0,
        0, 0, 0, 0, 0, 0, 0, 0,
        0, 0, 0, 0, 0, 0, 0, 0,
        0, 0, 0, 0, 0, 0, 0, 0,
    21000, 0, 0, 0, 0, 0, 0, 0,
        0
  ],
  [
    0,     0, 0, 0, 0, 0, 0, 0,
    0,     0, 0, 0, 0, 0, 0, 0,
    0,     0, 0, 0, 0, 0, 0, 0,
    0,     0, 0, 0, 0, 0, 0, 0,
    0,     0, 0, 0, 0, 0, 0, 0,
    0, 26550, 0, 0, 0, 0, 0, 0,
    0
  ],
  [
    0, 0,     0, 0, 0, 0, 0, 0,
    0, 0,     0, 0, 0, 0, 0, 0,
    0, 0,     0, 0, 0, 0, 0, 0,
    0, 0,     0, 0, 0, 0, 0, 0,
    0, 0,     0, 0, 0, 0, 0, 0,
    0, 0, 13960, 0, 0, 0, 0, 0,
    0
  ],
  [
    0, 0, 0,     0, 0, 0, 0, 0,
    0, 0, 0,     0, 0, 0, 0, 0,
    0, 0, 0,     0, 0, 0, 0, 0,
    0, 0, 0,     0, 0, 0, 0, 0,
    0, 0, 0,     0, 0, 0, 0, 0,
    0, 0, 0, 23050, 0, 0, 0, 0,
    0
  ],
  [
      0, 0, 0, 0, 0, 0, 0, 0, 0, 0, 0,
      0, 0, 0, 0, 0, 0, 0, 0, 0, 0, 0,
      0, 0, 0, 0, 0, 0, 0, 0, 0, 0, 0,
      0, 0, 0, 0, 0, 0, 0, 0, 0, 0, 0,
    0.1, 0, 0, 0, 0
  ],
  [
    0,   0, 0, 0, 0, 0, 0, 0, 0, 0, 0,
    0,   0, 0, 0, 0, 0, 0, 0, 0, 0, 0,
    0,   0, 0, 0, 0, 0, 0, 0, 0, 0, 0,
    0,   0, 0, 0, 0, 0, 0, 0, 0, 0, 0,
    0, 0.1, 0, 0, 0
  ],
  [
    0, 0, 0, 0, 0, 0,     0, 0,
    0, 0, 0, 0, 0, 0,     0, 0,
    0, 0, 0, 0, 0, 0,     0, 0,
    0, 0, 0, 0, 0, 0,     0, 0,
    0, 0, 0, 0, 0, 0,     0, 0,
    0, 0, 0, 0, 0, 0, 19390, 0,
    0
  ],
  [
    0, 0, 0, 0, 0, 0, 0,     0,
    0, 0, 0, 0, 0, 0, 0,     0,
    0, 0, 0, 0, 0, 0, 0,     0,
    0, 0, 0, 0, 0, 0, 0,     0,
    0, 0, 0, 0, 0, 0, 0,     0,
    0, 0, 0, 0, 0, 0, 0, 19480,
    0
  ],
  [
        0, 0, 0, 0, 0, 0, 0, 0,
        0, 0, 0, 0, 0, 0, 0, 0,
        0, 0, 0, 0, 0, 0, 0, 0,
        0, 0, 0, 0, 0, 0, 0, 0,
        0, 0, 0, 0, 0, 0, 0, 0,
        0, 0, 0, 0, 0, 0, 0, 0,
    17560
  ]
]