[
                  2600,  1700, 138100,
                    60,     1,     50,
                   110,  1070,     10,
                     0,     0,      0,
                     0, 0.033,   0.03,
                  0.27,     0,      0,
                     0,     0,      2,
  0.022000000000000002,    46,      0,
                     0,     1,     34,
                     1,     0,   0.03,
                     0,    10,     60,
                    60,   130,    120,
                    10,    10,     60,
                    10,   120,     60,
                    50,   110,      0,
                     0,    90,     60,
                   100
]
[
  10900,                 3300, 228400,
     50,                    3,    270,
    220,                 3580,     10,
      2,                    1,      3,
   0.01, 0.022000000000000002,   0.03,
   0.26,                 0.25,   0.25,
      0,                    0,      1,
  0.005,                   87,      0,
      1,                    7,     98,
      3,                    4,    0.2,
      0,                   90,    280,
    280,                  680,    500,
     80,                   90,    490,
     90,                  470,    490,
    770,                  400,      0,
      0,                  380,    280,
    400
]
[
                 33800, 6200, 199400,
                    70,    8,    510,
                   700,  880,     40,
                     6,    1,      4,
  0.022000000000000002,    0,      0,
                     0,    0,      0,
                     0,    0,      1,
                 0.019,    0,      0,
                     0,    9,    201,
                     4,    1,   0.14,
                     0,  490,   1290,
                  1270, 2120,   1720,
                   440,  580,   1330,
                   620, 1730,   2500,
                   790, 1910,      0,
                     0, 2630,   1290,
                  1750
]
[
                 17100, 1000, 200100,
                    80,    3,    200,
                   400, 3280,     50,
                     3,    2,      1,
                 0.003,    0,      0,
                  0.01,    0,      0,
                     0,    0,      0,
  0.022000000000000002,   74,      1,
                     0,   13,    132,
                     5,    3,   0.09,
                     0,  270,    620,
                   700, 1030,   1040,
                   270,  220,    760,
                   640,  960,    790,
                   380,  530,      0,
                     0,  510,    620,
                   750
]
[
                129700, 117900, 278100,
                  1670,     24,    200,
                  1400,   2000,   6260,
                    19,      1,      2,
                     0,      0,      0,
                     0,      0,      0,
                     0,      0,      0,
                     0,      6,      2,
                     3,     40,      0,
                     0,      0,   0.59,
  0.009000000000000001,      0,      0,
                     0,      0,      0,
                     0,      0,      0,
                     0,      0,      0,
                     0,      0,      0,
                     0,      0,      0,
                     0
]
[
  32800, 36600, 46500, 1190,    1,  130,  930,
   1510,   490,     4,    0,    0, 0.02,    0,
   0.33,     0,     0,    0,    0,    0,    0,
      0,    15,     0,    2,    1,    0,    3,
      0,  0.05, 0.004,  460, 1480, 1980, 3210,
   2600,   820,   300, 1580, 1580, 2200, 1190,
    890,  1130,     0,    0,  690, 3180, 1780
]
[
  11000, 3000, 93200,  260, 6,    80, 160,
   1380,   20,     1,    0, 0, 0.004,   0,
   0.01, 0.03,  0.01, 0.01, 0,     0,   2,
      0,  530,     0,    0, 1,    51,   2,
      1, 0.11,     0,    0, 0,     0,   0,
      0,    0,     0,    0, 0,     0,   0,
      0,    0,     0,    0, 0,     0,   0
]
[
   7000, 2000, 104000,   110,    2,  110,
    170, 2000,     10,     1,    0,    0,
  0.001,    0,    0.1,  0.33, 0.06, 0.06,
      0,    0,      0, 0.001,  500,    1,
      0,    4,     62,     2,    0,  0.3,
      0,   20,     80,    80,  130,   90,
     30,   50,     90,    40,  110,  470,
     30,  150,      0,     0,   90,  440,
    130
]
[
                299000, 83699.99999999999,     0,
                   140,                30,   210,
                  2370,              3390,   640,
                    69,                 1,     0,
                 0.313,                 0,  0.01,
                     0,                 0,     0,
                     0,             0.001,     2,
                 0.015,                 0,     1,
                     3,                58,   860,
                     5,                 6,  0.07,
  0.028999999999999998,              3250, 14250,
                 14480,             26520, 29110,
                  8570,              3420, 12530,
                 11280,             15410, 21050,
                 11050,             18820,     0,
                     0,             15000, 13610,
                 12650
]
[
  [
                    2600,  1700, 138100,
                      60,     1,     50,
                     110,  1070,     10,
                       0,     0,      0,
                       0, 0.033,   0.03,
                    0.27,     0,      0,
                       0,     0,      2,
    0.022000000000000002,    46,      0,
                       0,     1,     34,
                       1,     0,   0.03,
                       0,    10,     60,
                      60,   130,    120,
                      10,    10,     60,
                      10,   120,     60,
                      50,   110,      0,
                       0,    90,     60,
                     100
  ],
  [
    10900,                 3300, 228400,
       50,                    3,    270,
      220,                 3580,     10,
        2,                    1,      3,
     0.01, 0.022000000000000002,   0.03,
     0.26,                 0.25,   0.25,
        0,                    0,      1,
    0.005,                   87,      0,
        1,                    7,     98,
        3,                    4,    0.2,
        0,                   90,    280,
      280,                  680,    500,
       80,                   90,    490,
       90,                  470,    490,
      770,                  400,      0,
        0,                  380,    280,
      400
  ],
  [
                   33800, 6200, 199400,
                      70,    8,    510,
                     700,  880,     40,
                       6,    1,      4,
    0.022000000000000002,    0,      0,
                       0,    0,      0,
                       0,    0,      1,
                   0.019,    0,      0,
                       0,    9,    201,
                       4,    1,   0.14,
                       0,  490,   1290,
                    1270, 2120,   1720,
                     440,  580,   1330,
                     620, 1730,   2500,
                     790, 1910,      0,
                       0, 2630,   1290,
                    1750
  ],
  [
                   17100, 1000, 200100,
                      80,    3,    200,
                     400, 3280,     50,
                       3,    2,      1,
                   0.003,    0,      0,
                    0.01,    0,      0,
                       0,    0,      0,
    0.022000000000000002,   74,      1,
                       0,   13,    132,
                       5,    3,   0.09,
                       0,  270,    620,
                     700, 1030,   1040,
                     270,  220,    760,
                     640,  960,    790,
                     380,  530,      0,
                       0,  510,    620,
                     750
  ],
  [
                  129700, 117900, 278100,
                    1670,     24,    200,
                    1400,   2000,   6260,
                      19,      1,      2,
                       0,      0,      0,
                       0,      0,      0,
                       0,      0,      0,
                       0,      6,      2,
                       3,     40,      0,
                       0,      0,   0.59,
    0.009000000000000001,      0,      0,
                       0,      0,      0,
                       0,      0,      0,
                       0,      0,      0,
                       0,      0,      0,
                       0,      0,      0,
                       0
  ],
  [
    32800, 36600, 46500, 1190,    1,  130,  930,
     1510,   490,     4,    0,    0, 0.02,    0,
     0.33,     0,     0,    0,    0,    0,    0,
        0,    15,     0,    2,    1,    0,    3,
        0,  0.05, 0.004,  460, 1480, 1980, 3210,
     2600,   820,   300, 1580, 1580, 2200, 1190,
      890,  1130,     0,    0,  690, 3180, 1780
  ],
  [
    11000, 3000, 93200,  260, 6,    80, 160,
     1380,   20,     1,    0, 0, 0.004,   0,
     0.01, 0.03,  0.01, 0.01, 0,     0,   2,
        0,  530,     0,    0, 1,    51,   2,
        1, 0.11,     0,    0, 0,     0,   0,
        0,    0,     0,    0, 0,     0,   0,
        0,    0,     0,    0, 0,     0,   0
  ],
  [
     7000, 2000, 104000,   110,    2,  110,
      170, 2000,     10,     1,    0,    0,
    0.001,    0,    0.1,  0.33, 0.06, 0.06,
        0,    0,      0, 0.001,  500,    1,
        0,    4,     62,     2,    0,  0.3,
        0,   20,     80,    80,  130,   90,
       30,   50,     90,    40,  110,  470,
       30,  150,      0,     0,   90,  440,
      130
  ],
  [
                  299000, 83699.99999999999,     0,
                     140,                30,   210,
                    2370,              3390,   640,
                      69,                 1,     0,
                   0.313,                 0,  0.01,
                       0,                 0,     0,
                       0,             0.001,     2,
                   0.015,                 0,     1,
                       3,                58,   860,
                       5,                 6,  0.07,
    0.028999999999999998,              3250, 14250,
                   14480,             26520, 29110,
                    8570,              3420, 12530,
                   11280,             15410, 21050,
                   11050,             18820,     0,
                       0,             15000, 13610,
                   12650
  ]
]